0.000000	4.158686	50.000000
1.000000	4.152270	50.000000
2.000000	4.147268	50.000000
3.000000	4.142988	50.000000
4.000000	4.139168	50.000000
5.000000	4.135677	50.000000
6.000000	4.132437	50.000000
7.000000	4.129397	50.000000
8.000000	4.126523	50.000000
9.000000	4.123789	50.000000
10.000000	4.121179	50.000000
11.000000	4.118815	50.000000
12.000000	4.116748	50.000000
13.000000	4.115001	50.000000
14.000000	4.113316	50.000000
15.000000	4.111683	50.000000
16.000000	4.110097	50.000000
17.000000	4.108554	50.000000
18.000000	4.107050	50.000000
19.000000	4.105583	50.000000
20.000000	4.104150	50.000000
21.000000	4.102747	50.000000
22.000000	4.101373	50.000000
23.000000	4.100025	50.000000
24.000000	4.098703	50.000000
25.000000	4.097403	50.000000
26.000000	4.096125	50.000000
27.000000	4.094867	50.000000
28.000000	4.093628	50.000000
29.000000	4.092407	50.000000
30.000000	4.091202	50.000000
31.000000	4.090013	50.000000
32.000000	4.088839	50.000000
33.000000	4.087679	50.000000
34.000000	4.086532	50.000000
35.000000	4.085397	50.000000
36.000000	4.084274	50.000000
37.000000	4.083163	50.000000
38.000000	4.082062	50.000000
39.000000	4.080971	50.000000
40.000000	4.079889	50.000000
41.000000	4.078817	50.000000
42.000000	4.077753	50.000000
43.000000	4.076697	50.000000
44.000000	4.075649	50.000000
45.000000	4.074609	50.000000
46.000000	4.073575	50.000000
47.000000	4.072548	50.000000
48.000000	4.071527	50.000000
49.000000	4.070513	50.000000
50.000000	4.069504	50.000000
51.000000	4.068500	50.000000
52.000000	4.067501	50.000000
53.000000	4.066507	50.000000
54.000000	4.065511	50.000000
55.000000	4.064514	50.000000
56.000000	4.063518	50.000000
57.000000	4.062517	50.000000
58.000000	4.061516	50.000000
59.000000	4.060512	50.000000
60.000000	4.059498	50.000000
61.000000	4.058469	50.000000
62.000000	4.057443	50.000000
63.000000	4.056421	50.000000
64.000000	4.055402	50.000000
65.000000	4.054387	50.000000
66.000000	4.053374	50.000000
67.000000	4.052365	50.000000
68.000000	4.051358	50.000000
69.000000	4.050354	50.000000
70.000000	4.049352	50.000000
71.000000	4.048354	50.000000
72.000000	4.047358	50.000000
73.000000	4.046365	50.000000
74.000000	4.045375	50.000000
75.000000	4.044388	50.000000
76.000000	4.043403	50.000000
77.000000	4.042420	50.000000
78.000000	4.041441	50.000000
79.000000	4.040463	50.000000
80.000000	4.039488	50.000000
81.000000	4.038515	50.000000
82.000000	4.037544	50.000000
83.000000	4.036576	50.000000
84.000000	4.035623	50.000000
85.000000	4.034698	50.000000
86.000000	4.033803	50.000000
87.000000	4.032926	50.000000
88.000000	4.032090	50.000000
89.000000	4.031267	50.000000
90.000000	4.030492	50.000000
91.000000	4.029740	50.000000
92.000000	4.029031	50.000000
93.000000	4.028391	50.000000
94.000000	4.027762	50.000000
95.000000	4.027135	50.000000
96.000000	4.026508	50.000000
97.000000	4.025883	50.000000
98.000000	4.025258	50.000000
99.000000	4.024635	50.000000
100.000000	4.024012	50.000000
101.000000	4.023390	50.000000
102.000000	4.022769	50.000000
103.000000	4.022149	50.000000
104.000000	4.021529	50.000000
105.000000	4.020910	50.000000
106.000000	4.020292	50.000000
107.000000	4.019675	50.000000
108.000000	4.019058	50.000000
109.000000	4.018442	50.000000
110.000000	4.017823	50.000000
111.000000	4.017200	50.000000
112.000000	4.016570	50.000000
113.000000	4.015937	50.000000
114.000000	4.015293	50.000000
115.000000	4.014649	50.000000
116.000000	4.013992	50.000000
117.000000	4.013330	50.000000
118.000000	4.012664	50.000000
119.000000	4.011981	50.000000
120.000000	4.011295	50.000000
121.000000	4.010591	50.000000
122.000000	4.009861	50.000000
123.000000	4.009108	50.000000
124.000000	4.008355	50.000000
125.000000	4.007603	50.000000
126.000000	4.006852	50.000000
127.000000	4.006101	50.000000
128.000000	4.005350	50.000000
129.000000	4.004600	50.000000
130.000000	4.003851	50.000000
131.000000	4.003102	50.000000
132.000000	4.002353	50.000000
133.000000	4.001605	50.000000
134.000000	4.000858	50.000000
135.000000	4.000111	50.000000
136.000000	3.999364	50.000000
137.000000	3.998618	50.000000
138.000000	3.997872	50.000000
139.000000	3.997127	50.000000
140.000000	3.996381	50.000000
141.000000	3.995636	50.000000
142.000000	3.994888	50.000000
143.000000	3.994140	50.000000
144.000000	3.993389	50.000000
145.000000	3.992638	50.000000
146.000000	3.991885	50.000000
147.000000	3.991129	50.000000
148.000000	3.990373	50.000000
149.000000	3.989612	50.000000
150.000000	3.988851	50.000000
151.000000	3.988085	50.000000
152.000000	3.987312	50.000000
153.000000	3.986535	50.000000
154.000000	3.985759	50.000000
155.000000	3.984983	50.000000
156.000000	3.984207	50.000000
157.000000	3.983431	50.000000
158.000000	3.982656	50.000000
159.000000	3.981881	50.000000
160.000000	3.981106	50.000000
161.000000	3.980331	50.000000
162.000000	3.979556	50.000000
163.000000	3.978781	50.000000
164.000000	3.978007	50.000000
165.000000	3.977232	50.000000
166.000000	3.976457	50.000000
167.000000	3.975683	50.000000
168.000000	3.974908	50.000000
169.000000	3.974133	50.000000
170.000000	3.973359	50.000000
171.000000	3.972585	50.000000
172.000000	3.971811	50.000000
173.000000	3.971037	50.000000
174.000000	3.970264	50.000000
175.000000	3.969489	50.000000
176.000000	3.968717	50.000000
177.000000	3.967954	50.000000
178.000000	3.967193	50.000000
179.000000	3.966445	50.000000
180.000000	3.965698	50.000000
181.000000	3.964961	50.000000
182.000000	3.964232	50.000000
183.000000	3.963506	50.000000
184.000000	3.962796	50.000000
185.000000	3.962089	50.000000
186.000000	3.961396	50.000000
187.000000	3.960724	50.000000
188.000000	3.960066	50.000000
189.000000	3.959408	50.000000
190.000000	3.958750	50.000000
191.000000	3.958092	50.000000
192.000000	3.957434	50.000000
193.000000	3.956776	50.000000
194.000000	3.956119	50.000000
195.000000	3.955461	50.000000
196.000000	3.954804	50.000000
197.000000	3.954146	50.000000
198.000000	3.953489	50.000000
199.000000	3.952831	50.000000
200.000000	3.952172	50.000000
201.000000	3.951513	50.000000
202.000000	3.950854	50.000000
203.000000	3.950195	50.000000
204.000000	3.949536	50.000000
205.000000	3.948878	50.000000
206.000000	3.948219	50.000000
207.000000	3.947560	50.000000
208.000000	3.946901	50.000000
209.000000	3.946243	50.000000
210.000000	3.945584	50.000000
211.000000	3.944924	50.000000
212.000000	3.944263	50.000000
213.000000	3.943603	50.000000
214.000000	3.942943	50.000000
215.000000	3.942283	50.000000
216.000000	3.941623	50.000000
217.000000	3.940963	50.000000
218.000000	3.940302	50.000000
219.000000	3.939640	50.000000
220.000000	3.938979	50.000000
221.000000	3.938318	50.000000
222.000000	3.937655	50.000000
223.000000	3.936992	50.000000
224.000000	3.936329	50.000000
225.000000	3.935666	50.000000
226.000000	3.935003	50.000000
227.000000	3.934340	50.000000
228.000000	3.933677	50.000000
229.000000	3.933014	50.000000
230.000000	3.932351	50.000000
231.000000	3.931688	50.000000
232.000000	3.931024	50.000000
233.000000	3.930361	50.000000
234.000000	3.929698	50.000000
235.000000	3.929035	50.000000
236.000000	3.928372	50.000000
237.000000	3.927709	50.000000
238.000000	3.927046	50.000000
239.000000	3.926383	50.000000
240.000000	3.925720	50.000000
241.000000	3.925057	50.000000
242.000000	3.924394	50.000000
243.000000	3.923731	50.000000
244.000000	3.923068	50.000000
245.000000	3.922405	50.000000
246.000000	3.921742	50.000000
247.000000	3.921080	50.000000
248.000000	3.920416	50.000000
249.000000	3.919753	50.000000
250.000000	3.919090	50.000000
251.000000	3.918427	50.000000
252.000000	3.917764	50.000000
253.000000	3.917101	50.000000
254.000000	3.916438	50.000000
255.000000	3.915775	50.000000
256.000000	3.915112	50.000000
257.000000	3.914449	50.000000
258.000000	3.913787	50.000000
259.000000	3.913126	50.000000
260.000000	3.912467	50.000000
261.000000	3.911809	50.000000
262.000000	3.911155	50.000000
263.000000	3.910501	50.000000
264.000000	3.909849	50.000000
265.000000	3.909202	50.000000
266.000000	3.908555	50.000000
267.000000	3.907911	50.000000
268.000000	3.907270	50.000000
269.000000	3.906631	50.000000
270.000000	3.905995	50.000000
271.000000	3.905367	50.000000
272.000000	3.904747	50.000000
273.000000	3.904128	50.000000
274.000000	3.903508	50.000000
275.000000	3.902888	50.000000
276.000000	3.902268	50.000000
277.000000	3.901648	50.000000
278.000000	3.901029	50.000000
279.000000	3.900409	50.000000
280.000000	3.899789	50.000000
281.000000	3.899169	50.000000
282.000000	3.898550	50.000000
283.000000	3.897930	50.000000
284.000000	3.897313	50.000000
285.000000	3.896697	50.000000
286.000000	3.896081	50.000000
287.000000	3.895465	50.000000
288.000000	3.894849	50.000000
289.000000	3.894234	50.000000
290.000000	3.893618	50.000000
291.000000	3.893002	50.000000
292.000000	3.892387	50.000000
293.000000	3.891771	50.000000
294.000000	3.891155	50.000000
295.000000	3.890540	50.000000
296.000000	3.889924	50.000000
297.000000	3.889309	50.000000
298.000000	3.888693	50.000000
299.000000	3.888077	50.000000
300.000000	3.887462	50.000000
301.000000	3.886851	50.000000
302.000000	3.886240	50.000000
303.000000	3.885629	50.000000
304.000000	3.885018	50.000000
305.000000	3.884407	50.000000
306.000000	3.883796	50.000000
307.000000	3.883185	50.000000
308.000000	3.882574	50.000000
309.000000	3.881963	50.000000
310.000000	3.881352	50.000000
311.000000	3.880741	50.000000
312.000000	3.880130	50.000000
313.000000	3.879519	50.000000
314.000000	3.878908	50.000000
315.000000	3.878297	50.000000
316.000000	3.877686	50.000000
317.000000	3.877076	50.000000
318.000000	3.876469	50.000000
319.000000	3.875863	50.000000
320.000000	3.875256	50.000000
321.000000	3.874650	50.000000
322.000000	3.874043	50.000000
323.000000	3.873437	50.000000
324.000000	3.872830	50.000000
325.000000	3.872224	50.000000
326.000000	3.871617	50.000000
327.000000	3.871011	50.000000
328.000000	3.870404	50.000000
329.000000	3.869798	50.000000
330.000000	3.869191	50.000000
331.000000	3.868585	50.000000
332.000000	3.867982	50.000000
333.000000	3.867380	50.000000
334.000000	3.866777	50.000000
335.000000	3.866175	50.000000
336.000000	3.865573	50.000000
337.000000	3.864970	50.000000
338.000000	3.864368	50.000000
339.000000	3.863765	50.000000
340.000000	3.863163	50.000000
341.000000	3.862560	50.000000
342.000000	3.861962	50.000000
343.000000	3.861363	50.000000
344.000000	3.860764	50.000000
345.000000	3.860165	50.000000
346.000000	3.859566	50.000000
347.000000	3.858969	50.000000
348.000000	3.858373	50.000000
349.000000	3.857779	50.000000
350.000000	3.857186	50.000000
351.000000	3.856592	50.000000
352.000000	3.855998	50.000000
353.000000	3.855403	50.000000
354.000000	3.854809	50.000000
355.000000	3.854213	50.000000
356.000000	3.853613	50.000000
357.000000	3.853014	50.000000
358.000000	3.852412	50.000000
359.000000	3.851806	50.000000
360.000000	3.851200	50.000000
361.000000	3.850592	50.000000
362.000000	3.849979	50.000000
363.000000	3.849366	50.000000
364.000000	3.848749	50.000000
365.000000	3.848128	50.000000
366.000000	3.847507	50.000000
367.000000	3.846878	50.000000
368.000000	3.846245	50.000000
369.000000	3.845601	50.000000
370.000000	3.844955	50.000000
371.000000	3.844309	50.000000
372.000000	3.843664	50.000000
373.000000	3.843018	50.000000
374.000000	3.842372	50.000000
375.000000	3.841725	50.000000
376.000000	3.841079	50.000000
377.000000	3.840433	50.000000
378.000000	3.839786	50.000000
379.000000	3.839139	50.000000
380.000000	3.838493	50.000000
381.000000	3.837846	50.000000
382.000000	3.837200	50.000000
383.000000	3.836552	50.000000
384.000000	3.835904	50.000000
385.000000	3.835256	50.000000
386.000000	3.834608	50.000000
387.000000	3.833960	50.000000
388.000000	3.833311	50.000000
389.000000	3.832663	50.000000
390.000000	3.832015	50.000000
391.000000	3.831366	50.000000
392.000000	3.830718	50.000000
393.000000	3.830069	50.000000
394.000000	3.829421	50.000000
395.000000	3.828772	50.000000
396.000000	3.828124	50.000000
397.000000	3.827475	50.000000
398.000000	3.826826	50.000000
399.000000	3.826178	50.000000
400.000000	3.825529	50.000000
401.000000	3.824879	50.000000
402.000000	3.824228	50.000000
403.000000	3.823577	50.000000
404.000000	3.822926	50.000000
405.000000	3.822275	50.000000
406.000000	3.821624	50.000000
407.000000	3.820973	50.000000
408.000000	3.820322	50.000000
409.000000	3.819671	50.000000
410.000000	3.819020	50.000000
411.000000	3.818369	50.000000
412.000000	3.817718	50.000000
413.000000	3.817066	50.000000
414.000000	3.816415	50.000000
415.000000	3.815764	50.000000
416.000000	3.815112	50.000000
417.000000	3.814462	50.000000
418.000000	3.813816	50.000000
419.000000	3.813173	50.000000
420.000000	3.812531	50.000000
421.000000	3.811897	50.000000
422.000000	3.811264	50.000000
423.000000	3.810634	50.000000
424.000000	3.810010	50.000000
425.000000	3.809386	50.000000
426.000000	3.808767	50.000000
427.000000	3.808155	50.000000
428.000000	3.807544	50.000000
429.000000	3.806944	50.000000
430.000000	3.806350	50.000000
431.000000	3.805772	50.000000
432.000000	3.805196	50.000000
433.000000	3.804621	50.000000
434.000000	3.804045	50.000000
435.000000	3.803469	50.000000
436.000000	3.802893	50.000000
437.000000	3.802317	50.000000
438.000000	3.801741	50.000000
439.000000	3.801165	50.000000
440.000000	3.800589	50.000000
441.000000	3.800013	50.000000
442.000000	3.799437	50.000000
443.000000	3.798860	50.000000
444.000000	3.798284	50.000000
445.000000	3.797708	50.000000
446.000000	3.797132	50.000000
447.000000	3.796555	50.000000
448.000000	3.795976	50.000000
449.000000	3.795397	50.000000
450.000000	3.794819	50.000000
451.000000	3.794240	50.000000
452.000000	3.793661	50.000000
453.000000	3.793083	50.000000
454.000000	3.792504	50.000000
455.000000	3.791925	50.000000
456.000000	3.791346	50.000000
457.000000	3.790767	50.000000
458.000000	3.790189	50.000000
459.000000	3.789610	50.000000
460.000000	3.789031	50.000000
461.000000	3.788452	50.000000
462.000000	3.787873	50.000000
463.000000	3.787294	50.000000
464.000000	3.786715	50.000000
465.000000	3.786136	50.000000
466.000000	3.785557	50.000000
467.000000	3.784976	50.000000
468.000000	3.784395	50.000000
469.000000	3.783814	50.000000
470.000000	3.783232	50.000000
471.000000	3.782651	50.000000
472.000000	3.782069	50.000000
473.000000	3.781488	50.000000
474.000000	3.780907	50.000000
475.000000	3.780325	50.000000
476.000000	3.779744	50.000000
477.000000	3.779162	50.000000
478.000000	3.778581	50.000000
479.000000	3.778000	50.000000
480.000000	3.777417	50.000000
481.000000	3.776833	50.000000
482.000000	3.776250	50.000000
483.000000	3.775666	50.000000
484.000000	3.775083	50.000000
485.000000	3.774499	50.000000
486.000000	3.773916	50.000000
487.000000	3.773332	50.000000
488.000000	3.772750	50.000000
489.000000	3.772168	50.000000
490.000000	3.771586	50.000000
491.000000	3.771008	50.000000
492.000000	3.770430	50.000000
493.000000	3.769852	50.000000
494.000000	3.769279	50.000000
495.000000	3.768706	50.000000
496.000000	3.768134	50.000000
497.000000	3.767566	50.000000
498.000000	3.766999	50.000000
499.000000	3.766434	50.000000
500.000000	3.765873	50.000000
501.000000	3.765315	50.000000
502.000000	3.764764	50.000000
503.000000	3.764215	50.000000
504.000000	3.763666	50.000000
505.000000	3.763117	50.000000
506.000000	3.762569	50.000000
507.000000	3.762020	50.000000
508.000000	3.761471	50.000000
509.000000	3.760922	50.000000
510.000000	3.760373	50.000000
511.000000	3.759824	50.000000
512.000000	3.759275	50.000000
513.000000	3.758726	50.000000
514.000000	3.758177	50.000000
515.000000	3.757628	50.000000
516.000000	3.757079	50.000000
517.000000	3.756530	50.000000
518.000000	3.755981	50.000000
519.000000	3.755432	50.000000
520.000000	3.754883	50.000000
521.000000	3.754334	50.000000
522.000000	3.753785	50.000000
523.000000	3.753235	50.000000
524.000000	3.752686	50.000000
525.000000	3.752137	50.000000
526.000000	3.751588	50.000000
527.000000	3.751038	50.000000
528.000000	3.750489	50.000000
529.000000	3.749940	50.000000
530.000000	3.749390	50.000000
531.000000	3.748841	50.000000
532.000000	3.748291	50.000000
533.000000	3.747742	50.000000
534.000000	3.747193	50.000000
535.000000	3.746643	50.000000
536.000000	3.746094	50.000000
537.000000	3.745544	50.000000
538.000000	3.744995	50.000000
539.000000	3.744445	50.000000
540.000000	3.743896	50.000000
541.000000	3.743346	50.000000
542.000000	3.742796	50.000000
543.000000	3.742247	50.000000
544.000000	3.741697	50.000000
545.000000	3.741147	50.000000
546.000000	3.740598	50.000000
547.000000	3.740048	50.000000
548.000000	3.739498	50.000000
549.000000	3.738949	50.000000
550.000000	3.738399	50.000000
551.000000	3.737849	50.000000
552.000000	3.737299	50.000000
553.000000	3.736749	50.000000
554.000000	3.736199	50.000000
555.000000	3.735650	50.000000
556.000000	3.735100	50.000000
557.000000	3.734550	50.000000
558.000000	3.734000	50.000000
559.000000	3.733450	50.000000
560.000000	3.732900	50.000000
561.000000	3.732350	50.000000
562.000000	3.731800	50.000000
563.000000	3.731250	50.000000
564.000000	3.730700	50.000000
565.000000	3.730149	50.000000
566.000000	3.729599	50.000000
567.000000	3.729049	50.000000
568.000000	3.728499	50.000000
569.000000	3.727949	50.000000
570.000000	3.727399	50.000000
571.000000	3.726848	50.000000
572.000000	3.726298	50.000000
573.000000	3.725748	50.000000
574.000000	3.725197	50.000000
575.000000	3.724647	50.000000
576.000000	3.724097	50.000000
577.000000	3.723546	50.000000
578.000000	3.722996	50.000000
579.000000	3.722447	50.000000
580.000000	3.721901	50.000000
581.000000	3.721358	50.000000
582.000000	3.720816	50.000000
583.000000	3.720278	50.000000
584.000000	3.719745	50.000000
585.000000	3.719212	50.000000
586.000000	3.718679	50.000000
587.000000	3.718157	50.000000
588.000000	3.717634	50.000000
589.000000	3.717112	50.000000
590.000000	3.716596	50.000000
591.000000	3.716085	50.000000
592.000000	3.715574	50.000000
593.000000	3.715072	50.000000
594.000000	3.714573	50.000000
595.000000	3.714083	50.000000
596.000000	3.713605	50.000000
597.000000	3.713126	50.000000
598.000000	3.712647	50.000000
599.000000	3.712168	50.000000
600.000000	3.711689	50.000000
601.000000	3.711210	50.000000
602.000000	3.710731	50.000000
603.000000	3.710252	50.000000
604.000000	3.709773	50.000000
605.000000	3.709294	50.000000
606.000000	3.708815	50.000000
607.000000	3.708336	50.000000
608.000000	3.707856	50.000000
609.000000	3.707377	50.000000
610.000000	3.706897	50.000000
611.000000	3.706418	50.000000
612.000000	3.705938	50.000000
613.000000	3.705458	50.000000
614.000000	3.704978	50.000000
615.000000	3.704498	50.000000
616.000000	3.704018	50.000000
617.000000	3.703538	50.000000
618.000000	3.703058	50.000000
619.000000	3.702578	50.000000
620.000000	3.702098	50.000000
621.000000	3.701618	50.000000
622.000000	3.701138	50.000000
623.000000	3.700658	50.000000
624.000000	3.700178	50.000000
625.000000	3.699698	50.000000
626.000000	3.699218	50.000000
627.000000	3.698738	50.000000
628.000000	3.698258	50.000000
629.000000	3.697778	50.000000
630.000000	3.697298	50.000000
631.000000	3.696817	50.000000
632.000000	3.696337	50.000000
633.000000	3.695856	50.000000
634.000000	3.695375	50.000000
635.000000	3.694894	50.000000
636.000000	3.694413	50.000000
637.000000	3.693932	50.000000
638.000000	3.693451	50.000000
639.000000	3.692970	50.000000
640.000000	3.692489	50.000000
641.000000	3.692008	50.000000
642.000000	3.691526	50.000000
643.000000	3.691045	50.000000
644.000000	3.690564	50.000000
645.000000	3.690083	50.000000
646.000000	3.689602	50.000000
647.000000	3.689120	50.000000
648.000000	3.688639	50.000000
649.000000	3.688158	50.000000
650.000000	3.687676	50.000000
651.000000	3.687195	50.000000
652.000000	3.686714	50.000000
653.000000	3.686232	50.000000
654.000000	3.685751	50.000000
655.000000	3.685269	50.000000
656.000000	3.684788	50.000000
657.000000	3.684306	50.000000
658.000000	3.683825	50.000000
659.000000	3.683344	50.000000
660.000000	3.682862	50.000000
661.000000	3.682380	50.000000
662.000000	3.681898	50.000000
663.000000	3.681415	50.000000
664.000000	3.680933	50.000000
665.000000	3.680450	50.000000
666.000000	3.679967	50.000000
667.000000	3.679485	50.000000
668.000000	3.679002	50.000000
669.000000	3.678519	50.000000
670.000000	3.678035	50.000000
671.000000	3.677552	50.000000
672.000000	3.677068	50.000000
673.000000	3.676584	50.000000
674.000000	3.676100	50.000000
675.000000	3.675616	50.000000
676.000000	3.675131	50.000000
677.000000	3.674647	50.000000
678.000000	3.674162	50.000000
679.000000	3.673677	50.000000
680.000000	3.673192	50.000000
681.000000	3.672706	50.000000
682.000000	3.672220	50.000000
683.000000	3.671734	50.000000
684.000000	3.671247	50.000000
685.000000	3.670760	50.000000
686.000000	3.670272	50.000000
687.000000	3.669785	50.000000
688.000000	3.669297	50.000000
689.000000	3.668810	50.000000
690.000000	3.668321	50.000000
691.000000	3.667833	50.000000
692.000000	3.667344	50.000000
693.000000	3.666856	50.000000
694.000000	3.666367	50.000000
695.000000	3.665879	50.000000
696.000000	3.665390	50.000000
697.000000	3.664901	50.000000
698.000000	3.664413	50.000000
699.000000	3.663924	50.000000
700.000000	3.663435	50.000000
701.000000	3.662946	50.000000
702.000000	3.662458	50.000000
703.000000	3.661969	50.000000
704.000000	3.661480	50.000000
705.000000	3.660991	50.000000
706.000000	3.660502	50.000000
707.000000	3.660014	50.000000
708.000000	3.659525	50.000000
709.000000	3.659036	50.000000
710.000000	3.658547	50.000000
711.000000	3.658058	50.000000
712.000000	3.657569	50.000000
713.000000	3.657079	50.000000
714.000000	3.656589	50.000000
715.000000	3.656100	50.000000
716.000000	3.655609	50.000000
717.000000	3.655119	50.000000
718.000000	3.654629	50.000000
719.000000	3.654139	50.000000
720.000000	3.653649	50.000000
721.000000	3.653159	50.000000
722.000000	3.652669	50.000000
723.000000	3.652179	50.000000
724.000000	3.651689	50.000000
725.000000	3.651199	50.000000
726.000000	3.650709	50.000000
727.000000	3.650218	50.000000
728.000000	3.649728	50.000000
729.000000	3.649237	50.000000
730.000000	3.648746	50.000000
731.000000	3.648255	50.000000
732.000000	3.647763	50.000000
733.000000	3.647271	50.000000
734.000000	3.646779	50.000000
735.000000	3.646287	50.000000
736.000000	3.645795	50.000000
737.000000	3.645302	50.000000
738.000000	3.644810	50.000000
739.000000	3.644317	50.000000
740.000000	3.643823	50.000000
741.000000	3.643330	50.000000
742.000000	3.642837	50.000000
743.000000	3.642344	50.000000
744.000000	3.641850	50.000000
745.000000	3.641357	50.000000
746.000000	3.640862	50.000000
747.000000	3.640367	50.000000
748.000000	3.639872	50.000000
749.000000	3.639376	50.000000
750.000000	3.638881	50.000000
751.000000	3.638385	50.000000
752.000000	3.637890	50.000000
753.000000	3.637394	50.000000
754.000000	3.636899	50.000000
755.000000	3.636403	50.000000
756.000000	3.635908	50.000000
757.000000	3.635412	50.000000
758.000000	3.634917	50.000000
759.000000	3.634421	50.000000
760.000000	3.633925	50.000000
761.000000	3.633430	50.000000
762.000000	3.632934	50.000000
763.000000	3.632439	50.000000
764.000000	3.631945	50.000000
765.000000	3.631452	50.000000
766.000000	3.630960	50.000000
767.000000	3.630468	50.000000
768.000000	3.629978	50.000000
769.000000	3.629490	50.000000
770.000000	3.629000	50.000000
771.000000	3.628509	50.000000
772.000000	3.628021	50.000000
773.000000	3.627534	50.000000
774.000000	3.627046	50.000000
775.000000	3.626559	50.000000
776.000000	3.626077	50.000000
777.000000	3.625594	50.000000
778.000000	3.625112	50.000000
779.000000	3.624633	50.000000
780.000000	3.624155	50.000000
781.000000	3.623681	50.000000
782.000000	3.623212	50.000000
783.000000	3.622743	50.000000
784.000000	3.622275	50.000000
785.000000	3.621807	50.000000
786.000000	3.621338	50.000000
787.000000	3.620870	50.000000
788.000000	3.620402	50.000000
789.000000	3.619933	50.000000
790.000000	3.619465	50.000000
791.000000	3.618996	50.000000
792.000000	3.618528	50.000000
793.000000	3.618059	50.000000
794.000000	3.617591	50.000000
795.000000	3.617122	50.000000
796.000000	3.616654	50.000000
797.000000	3.616185	50.000000
798.000000	3.615717	50.000000
799.000000	3.615248	50.000000
800.000000	3.614777	50.000000
801.000000	3.614304	50.000000
802.000000	3.613832	50.000000
803.000000	3.613359	50.000000
804.000000	3.612887	50.000000
805.000000	3.612415	50.000000
806.000000	3.611942	50.000000
807.000000	3.611470	50.000000
808.000000	3.610997	50.000000
809.000000	3.610525	50.000000
810.000000	3.610052	50.000000
811.000000	3.609580	50.000000
812.000000	3.609107	50.000000
813.000000	3.608635	50.000000
814.000000	3.608162	50.000000
815.000000	3.607689	50.000000
816.000000	3.607217	50.000000
817.000000	3.606744	50.000000
818.000000	3.606272	50.000000
819.000000	3.605799	50.000000
820.000000	3.605327	50.000000
821.000000	3.604854	50.000000
822.000000	3.604381	50.000000
823.000000	3.603909	50.000000
824.000000	3.603436	50.000000
825.000000	3.602963	50.000000
826.000000	3.602491	50.000000
827.000000	3.602018	50.000000
828.000000	3.601545	50.000000
829.000000	3.601070	50.000000
830.000000	3.600599	50.000000
831.000000	3.600132	50.000000
832.000000	3.599665	50.000000
833.000000	3.599199	50.000000
834.000000	3.598742	50.000000
835.000000	3.598287	50.000000
836.000000	3.597831	50.000000
837.000000	3.597376	50.000000
838.000000	3.596929	50.000000
839.000000	3.596486	50.000000
840.000000	3.596044	50.000000
841.000000	3.595601	50.000000
842.000000	3.595165	50.000000
843.000000	3.594736	50.000000
844.000000	3.594307	50.000000
845.000000	3.593879	50.000000
846.000000	3.593462	50.000000
847.000000	3.593046	50.000000
848.000000	3.592638	50.000000
849.000000	3.592242	50.000000
850.000000	3.591852	50.000000
851.000000	3.591459	50.000000
852.000000	3.591064	50.000000
853.000000	3.590669	50.000000
854.000000	3.590274	50.000000
855.000000	3.589879	50.000000
856.000000	3.589484	50.000000
857.000000	3.589090	50.000000
858.000000	3.588695	50.000000
859.000000	3.588300	50.000000
860.000000	3.587905	50.000000
861.000000	3.587510	50.000000
862.000000	3.587115	50.000000
863.000000	3.586720	50.000000
864.000000	3.586325	50.000000
865.000000	3.585930	50.000000
866.000000	3.585532	50.000000
867.000000	3.585133	50.000000
868.000000	3.584734	50.000000
869.000000	3.584335	50.000000
870.000000	3.583937	50.000000
871.000000	3.583538	50.000000
872.000000	3.583139	50.000000
873.000000	3.582739	50.000000
874.000000	3.582338	50.000000
875.000000	3.581936	50.000000
876.000000	3.581532	50.000000
877.000000	3.581128	50.000000
878.000000	3.580724	50.000000
879.000000	3.580321	50.000000
880.000000	3.579917	50.000000
881.000000	3.579514	50.000000
882.000000	3.579111	50.000000
883.000000	3.578707	50.000000
884.000000	3.578304	50.000000
885.000000	3.577901	50.000000
886.000000	3.577497	50.000000
887.000000	3.577094	50.000000
888.000000	3.576690	50.000000
889.000000	3.576287	50.000000
890.000000	3.575884	50.000000
891.000000	3.575482	50.000000
892.000000	3.575081	50.000000
893.000000	3.574680	50.000000
894.000000	3.574279	50.000000
895.000000	3.573877	50.000000
896.000000	3.573476	50.000000
897.000000	3.573075	50.000000
898.000000	3.572673	50.000000
899.000000	3.572272	50.000000
900.000000	3.571871	50.000000
901.000000	3.571470	50.000000
902.000000	3.571068	50.000000
903.000000	3.570667	50.000000
904.000000	3.570266	50.000000
905.000000	3.569864	50.000000
906.000000	3.569463	50.000000
907.000000	3.569062	50.000000
908.000000	3.568660	50.000000
909.000000	3.568259	50.000000
910.000000	3.567858	50.000000
911.000000	3.567456	50.000000
912.000000	3.567055	50.000000
913.000000	3.566656	50.000000
914.000000	3.566258	50.000000
915.000000	3.565861	50.000000
916.000000	3.565466	50.000000
917.000000	3.565072	50.000000
918.000000	3.564679	50.000000
919.000000	3.564285	50.000000
920.000000	3.563893	50.000000
921.000000	3.563504	50.000000
922.000000	3.563116	50.000000
923.000000	3.562727	50.000000
924.000000	3.562338	50.000000
925.000000	3.561951	50.000000
926.000000	3.561568	50.000000
927.000000	3.561185	50.000000
928.000000	3.560802	50.000000
929.000000	3.560420	50.000000
930.000000	3.560038	50.000000
931.000000	3.559661	50.000000
932.000000	3.559284	50.000000
933.000000	3.558908	50.000000
934.000000	3.558531	50.000000
935.000000	3.558161	50.000000
936.000000	3.557790	50.000000
937.000000	3.557421	50.000000
938.000000	3.557055	50.000000
939.000000	3.556696	50.000000
940.000000	3.556341	50.000000
941.000000	3.555986	50.000000
942.000000	3.555631	50.000000
943.000000	3.555276	50.000000
944.000000	3.554922	50.000000
945.000000	3.554567	50.000000
946.000000	3.554212	50.000000
947.000000	3.553857	50.000000
948.000000	3.553502	50.000000
949.000000	3.553147	50.000000
950.000000	3.552793	50.000000
951.000000	3.552438	50.000000
952.000000	3.552083	50.000000
953.000000	3.551728	50.000000
954.000000	3.551373	50.000000
955.000000	3.551018	50.000000
956.000000	3.550663	50.000000
957.000000	3.550308	50.000000
958.000000	3.549953	50.000000
959.000000	3.549598	50.000000
960.000000	3.549243	50.000000
961.000000	3.548889	50.000000
962.000000	3.548535	50.000000
963.000000	3.548182	50.000000
964.000000	3.547830	50.000000
965.000000	3.547478	50.000000
966.000000	3.547130	50.000000
967.000000	3.546782	50.000000
968.000000	3.546437	50.000000
969.000000	3.546093	50.000000
970.000000	3.545749	50.000000
971.000000	3.545405	50.000000
972.000000	3.545061	50.000000
973.000000	3.544717	50.000000
974.000000	3.544377	50.000000
975.000000	3.544038	50.000000
976.000000	3.543698	50.000000
977.000000	3.543358	50.000000
978.000000	3.543019	50.000000
979.000000	3.542681	50.000000
980.000000	3.542345	50.000000
981.000000	3.542010	50.000000
982.000000	3.541675	50.000000
983.000000	3.541340	50.000000
984.000000	3.541008	50.000000
985.000000	3.540677	50.000000
986.000000	3.540346	50.000000
987.000000	3.540022	50.000000
988.000000	3.539701	50.000000
989.000000	3.539383	50.000000
990.000000	3.539065	50.000000
991.000000	3.538747	50.000000
992.000000	3.538429	50.000000
993.000000	3.538111	50.000000
994.000000	3.537793	50.000000
995.000000	3.537474	50.000000
996.000000	3.537156	50.000000
997.000000	3.536837	50.000000
998.000000	3.536519	50.000000
999.000000	3.536201	50.000000
1000.000000	3.535883	50.000000
1001.000000	3.535568	50.000000
1002.000000	3.535253	50.000000
1003.000000	3.534938	50.000000
1004.000000	3.534623	50.000000
1005.000000	3.534308	50.000000
1006.000000	3.533992	50.000000
1007.000000	3.533678	50.000000
1008.000000	3.533365	50.000000
1009.000000	3.533053	50.000000
1010.000000	3.532742	50.000000
1011.000000	3.532432	50.000000
1012.000000	3.532122	50.000000
1013.000000	3.531812	50.000000
1014.000000	3.531501	50.000000
1015.000000	3.531191	50.000000
1016.000000	3.530880	50.000000
1017.000000	3.530570	50.000000
1018.000000	3.530259	50.000000
1019.000000	3.529948	50.000000
1020.000000	3.529637	50.000000
1021.000000	3.529327	50.000000
1022.000000	3.529016	50.000000
1023.000000	3.528706	50.000000
1024.000000	3.528397	50.000000
1025.000000	3.528088	50.000000
1026.000000	3.527778	50.000000
1027.000000	3.527469	50.000000
1028.000000	3.527160	50.000000
1029.000000	3.526853	50.000000
1030.000000	3.526546	50.000000
1031.000000	3.526238	50.000000
1032.000000	3.525931	50.000000
1033.000000	3.525623	50.000000
1034.000000	3.525315	50.000000
1035.000000	3.525009	50.000000
1036.000000	3.524704	50.000000
1037.000000	3.524398	50.000000
1038.000000	3.524093	50.000000
1039.000000	3.523787	50.000000
1040.000000	3.523482	50.000000
1041.000000	3.523178	50.000000
1042.000000	3.522875	50.000000
1043.000000	3.522572	50.000000
1044.000000	3.522269	50.000000
1045.000000	3.521966	50.000000
1046.000000	3.521664	50.000000
1047.000000	3.521364	50.000000
1048.000000	3.521063	50.000000
1049.000000	3.520763	50.000000
1050.000000	3.520465	50.000000
1051.000000	3.520169	50.000000
1052.000000	3.519874	50.000000
1053.000000	3.519578	50.000000
1054.000000	3.519283	50.000000
1055.000000	3.518987	50.000000
1056.000000	3.518690	50.000000
1057.000000	3.518394	50.000000
1058.000000	3.518098	50.000000
1059.000000	3.517801	50.000000
1060.000000	3.517505	50.000000
1061.000000	3.517208	50.000000
1062.000000	3.516912	50.000000
1063.000000	3.516615	50.000000
1064.000000	3.516319	50.000000
1065.000000	3.516022	50.000000
1066.000000	3.515725	50.000000
1067.000000	3.515428	50.000000
1068.000000	3.515132	50.000000
1069.000000	3.514835	50.000000
1070.000000	3.514538	50.000000
1071.000000	3.514241	50.000000
1072.000000	3.513945	50.000000
1073.000000	3.513648	50.000000
1074.000000	3.513351	50.000000
1075.000000	3.513054	50.000000
1076.000000	3.512757	50.000000
1077.000000	3.512460	50.000000
1078.000000	3.512163	50.000000
1079.000000	3.511866	50.000000
1080.000000	3.511569	50.000000
1081.000000	3.511272	50.000000
1082.000000	3.510974	50.000000
1083.000000	3.510676	50.000000
1084.000000	3.510378	50.000000
1085.000000	3.510080	50.000000
1086.000000	3.509784	50.000000
1087.000000	3.509489	50.000000
1088.000000	3.509195	50.000000
1089.000000	3.508907	50.000000
1090.000000	3.508618	50.000000
1091.000000	3.508330	50.000000
1092.000000	3.508042	50.000000
1093.000000	3.507754	50.000000
1094.000000	3.507472	50.000000
1095.000000	3.507195	50.000000
1096.000000	3.506917	50.000000
1097.000000	3.506640	50.000000
1098.000000	3.506363	50.000000
1099.000000	3.506086	50.000000
1100.000000	3.505809	50.000000
1101.000000	3.505540	50.000000
1102.000000	3.505276	50.000000
1103.000000	3.505011	50.000000
1104.000000	3.504747	50.000000
1105.000000	3.504482	50.000000
1106.000000	3.504218	50.000000
1107.000000	3.503954	50.000000
1108.000000	3.503698	50.000000
1109.000000	3.503447	50.000000
1110.000000	3.503194	50.000000
1111.000000	3.502941	50.000000
1112.000000	3.502689	50.000000
1113.000000	3.502436	50.000000
1114.000000	3.502195	50.000000
1115.000000	3.501954	50.000000
1116.000000	3.501713	50.000000
1117.000000	3.501475	50.000000
1118.000000	3.501244	50.000000
1119.000000	3.501016	50.000000
1120.000000	3.500799	50.000000
1121.000000	3.500582	50.000000
1122.000000	3.500364	50.000000
1123.000000	3.500146	50.000000
1124.000000	3.499929	50.000000
1125.000000	3.499711	50.000000
1126.000000	3.499493	50.000000
1127.000000	3.499275	50.000000
1128.000000	3.499057	50.000000
1129.000000	3.498839	50.000000
1130.000000	3.498620	50.000000
1131.000000	3.498402	50.000000
1132.000000	3.498182	50.000000
1133.000000	3.497963	50.000000
1134.000000	3.497743	50.000000
1135.000000	3.497524	50.000000
1136.000000	3.497304	50.000000
1137.000000	3.497084	50.000000
1138.000000	3.496865	50.000000
1139.000000	3.496645	50.000000
1140.000000	3.496425	50.000000
1141.000000	3.496205	50.000000
1142.000000	3.495985	50.000000
1143.000000	3.495765	50.000000
1144.000000	3.495546	50.000000
1145.000000	3.495325	50.000000
1146.000000	3.495104	50.000000
1147.000000	3.494883	50.000000
1148.000000	3.494662	50.000000
1149.000000	3.494441	50.000000
1150.000000	3.494219	50.000000
1151.000000	3.493998	50.000000
1152.000000	3.493776	50.000000
1153.000000	3.493554	50.000000
1154.000000	3.493332	50.000000
1155.000000	3.493109	50.000000
1156.000000	3.492886	50.000000
1157.000000	3.492663	50.000000
1158.000000	3.492439	50.000000
1159.000000	3.492216	50.000000
1160.000000	3.491992	50.000000
1161.000000	3.491769	50.000000
1162.000000	3.491545	50.000000
1163.000000	3.491322	50.000000
1164.000000	3.491098	50.000000
1165.000000	3.490874	50.000000
1166.000000	3.490650	50.000000
1167.000000	3.490426	50.000000
1168.000000	3.490202	50.000000
1169.000000	3.489978	50.000000
1170.000000	3.489754	50.000000
1171.000000	3.489530	50.000000
1172.000000	3.489306	50.000000
1173.000000	3.489082	50.000000
1174.000000	3.488857	50.000000
1175.000000	3.488633	50.000000
1176.000000	3.488408	50.000000
1177.000000	3.488183	50.000000
1178.000000	3.487958	50.000000
1179.000000	3.487734	50.000000
1180.000000	3.487509	50.000000
1181.000000	3.487284	50.000000
1182.000000	3.487059	50.000000
1183.000000	3.486833	50.000000
1184.000000	3.486608	50.000000
1185.000000	3.486383	50.000000
1186.000000	3.486157	50.000000
1187.000000	3.485931	50.000000
1188.000000	3.485705	50.000000
1189.000000	3.485479	50.000000
1190.000000	3.485253	50.000000
1191.000000	3.485027	50.000000
1192.000000	3.484800	50.000000
1193.000000	3.484574	50.000000
1194.000000	3.484348	50.000000
1195.000000	3.484121	50.000000
1196.000000	3.483895	50.000000
1197.000000	3.483668	50.000000
1198.000000	3.483442	50.000000
1199.000000	3.483215	50.000000
1200.000000	3.482989	50.000000
1201.000000	3.482762	50.000000
1202.000000	3.482535	50.000000
1203.000000	3.482309	50.000000
1204.000000	3.482082	50.000000
1205.000000	3.481855	50.000000
1206.000000	3.481628	50.000000
1207.000000	3.481401	50.000000
1208.000000	3.481173	50.000000
1209.000000	3.480944	50.000000
1210.000000	3.480716	50.000000
1211.000000	3.480487	50.000000
1212.000000	3.480258	50.000000
1213.000000	3.480029	50.000000
1214.000000	3.479800	50.000000
1215.000000	3.479572	50.000000
1216.000000	3.479343	50.000000
1217.000000	3.479114	50.000000
1218.000000	3.478885	50.000000
1219.000000	3.478656	50.000000
1220.000000	3.478427	50.000000
1221.000000	3.478194	50.000000
1222.000000	3.477960	50.000000
1223.000000	3.477726	50.000000
1224.000000	3.477491	50.000000
1225.000000	3.477257	50.000000
1226.000000	3.477023	50.000000
1227.000000	3.476790	50.000000
1228.000000	3.476556	50.000000
1229.000000	3.476323	50.000000
1230.000000	3.476089	50.000000
1231.000000	3.475857	50.000000
1232.000000	3.475625	50.000000
1233.000000	3.475393	50.000000
1234.000000	3.475162	50.000000
1235.000000	3.474930	50.000000
1236.000000	3.474698	50.000000
1237.000000	3.474466	50.000000
1238.000000	3.474234	50.000000
1239.000000	3.474004	50.000000
1240.000000	3.473775	50.000000
1241.000000	3.473546	50.000000
1242.000000	3.473317	50.000000
1243.000000	3.473084	50.000000
1244.000000	3.472847	50.000000
1245.000000	3.472610	50.000000
1246.000000	3.472373	50.000000
1247.000000	3.472136	50.000000
1248.000000	3.471899	50.000000
1249.000000	3.471665	50.000000
1250.000000	3.471432	50.000000
1251.000000	3.471198	50.000000
1252.000000	3.470964	50.000000
1253.000000	3.470730	50.000000
1254.000000	3.470496	50.000000
1255.000000	3.470263	50.000000
1256.000000	3.470029	50.000000
1257.000000	3.469795	50.000000
1258.000000	3.469563	50.000000
1259.000000	3.469332	50.000000
1260.000000	3.469102	50.000000
1261.000000	3.468871	50.000000
1262.000000	3.468641	50.000000
1263.000000	3.468410	50.000000
1264.000000	3.468179	50.000000
1265.000000	3.467949	50.000000
1266.000000	3.467721	50.000000
1267.000000	3.467493	50.000000
1268.000000	3.467266	50.000000
1269.000000	3.467036	50.000000
1270.000000	3.466798	50.000000
1271.000000	3.466563	50.000000
1272.000000	3.466328	50.000000
1273.000000	3.466095	50.000000
1274.000000	3.465864	50.000000
1275.000000	3.465633	50.000000
1276.000000	3.465403	50.000000
1277.000000	3.465172	50.000000
1278.000000	3.464941	50.000000
1279.000000	3.464710	50.000000
1280.000000	3.464480	50.000000
1281.000000	3.464249	50.000000
1282.000000	3.464018	50.000000
1283.000000	3.463787	50.000000
1284.000000	3.463556	50.000000
1285.000000	3.463326	50.000000
1286.000000	3.463095	50.000000
1287.000000	3.462864	50.000000
1288.000000	3.462633	50.000000
1289.000000	3.462402	50.000000
1290.000000	3.462171	50.000000
1291.000000	3.461940	50.000000
1292.000000	3.461709	50.000000
1293.000000	3.461478	50.000000
1294.000000	3.461240	50.000000
1295.000000	3.460997	50.000000
1296.000000	3.460755	50.000000
1297.000000	3.460513	50.000000
1298.000000	3.460271	50.000000
1299.000000	3.460029	50.000000
1300.000000	3.459787	50.000000
1301.000000	3.459545	50.000000
1302.000000	3.459303	50.000000
1303.000000	3.459061	50.000000
1304.000000	3.458819	50.000000
1305.000000	3.458577	50.000000
1306.000000	3.458335	50.000000
1307.000000	3.458093	50.000000
1308.000000	3.457851	50.000000
1309.000000	3.457609	50.000000
1310.000000	3.457367	50.000000
1311.000000	3.457125	50.000000
1312.000000	3.456883	50.000000
1313.000000	3.456633	50.000000
1314.000000	3.456379	50.000000
1315.000000	3.456126	50.000000
1316.000000	3.455872	50.000000
1317.000000	3.455619	50.000000
1318.000000	3.455366	50.000000
1319.000000	3.455112	50.000000
1320.000000	3.454859	50.000000
1321.000000	3.454605	50.000000
1322.000000	3.454352	50.000000
1323.000000	3.454098	50.000000
1324.000000	3.453845	50.000000
1325.000000	3.453585	50.000000
1326.000000	3.453320	50.000000
1327.000000	3.453056	50.000000
1328.000000	3.452792	50.000000
1329.000000	3.452527	50.000000
1330.000000	3.452263	50.000000
1331.000000	3.451994	50.000000
1332.000000	3.451721	50.000000
1333.000000	3.451443	50.000000
1334.000000	3.451161	50.000000
1335.000000	3.450881	50.000000
1336.000000	3.450600	50.000000
1337.000000	3.450319	50.000000
1338.000000	3.450038	50.000000
1339.000000	3.449757	50.000000
1340.000000	3.449476	50.000000
1341.000000	3.449195	50.000000
1342.000000	3.448914	50.000000
1343.000000	3.448633	50.000000
1344.000000	3.448352	50.000000
1345.000000	3.448070	50.000000
1346.000000	3.447789	50.000000
1347.000000	3.447507	50.000000
1348.000000	3.447225	50.000000
1349.000000	3.446944	50.000000
1350.000000	3.446662	50.000000
1351.000000	3.446380	50.000000
1352.000000	3.446098	50.000000
1353.000000	3.445816	50.000000
1354.000000	3.445534	50.000000
1355.000000	3.445252	50.000000
1356.000000	3.444970	50.000000
1357.000000	3.444687	50.000000
1358.000000	3.444405	50.000000
1359.000000	3.444122	50.000000
1360.000000	3.443839	50.000000
1361.000000	3.443556	50.000000
1362.000000	3.443273	50.000000
1363.000000	3.442990	50.000000
1364.000000	3.442707	50.000000
1365.000000	3.442424	50.000000
1366.000000	3.442140	50.000000
1367.000000	3.441856	50.000000
1368.000000	3.441573	50.000000
1369.000000	3.441289	50.000000
1370.000000	3.441004	50.000000
1371.000000	3.440720	50.000000
1372.000000	3.440435	50.000000
1373.000000	3.440150	50.000000
1374.000000	3.439864	50.000000
1375.000000	3.439579	50.000000
1376.000000	3.439294	50.000000
1377.000000	3.439008	50.000000
1378.000000	3.438722	50.000000
1379.000000	3.438437	50.000000
1380.000000	3.438150	50.000000
1381.000000	3.437864	50.000000
1382.000000	3.437577	50.000000
1383.000000	3.437290	50.000000
1384.000000	3.437003	50.000000
1385.000000	3.436716	50.000000
1386.000000	3.436429	50.000000
1387.000000	3.436141	50.000000
1388.000000	3.435854	50.000000
1389.000000	3.435566	50.000000
1390.000000	3.435279	50.000000
1391.000000	3.434991	50.000000
1392.000000	3.434704	50.000000
1393.000000	3.434416	50.000000
1394.000000	3.434128	50.000000
1395.000000	3.433840	50.000000
1396.000000	3.433550	50.000000
1397.000000	3.433261	50.000000
1398.000000	3.432971	50.000000
1399.000000	3.432681	50.000000
1400.000000	3.432392	50.000000
1401.000000	3.432102	50.000000
1402.000000	3.431812	50.000000
1403.000000	3.431522	50.000000
1404.000000	3.431231	50.000000
1405.000000	3.430941	50.000000
1406.000000	3.430651	50.000000
1407.000000	3.430360	50.000000
1408.000000	3.430069	50.000000
1409.000000	3.429778	50.000000
1410.000000	3.429486	50.000000
1411.000000	3.429195	50.000000
1412.000000	3.428903	50.000000
1413.000000	3.428610	50.000000
1414.000000	3.428316	50.000000
1415.000000	3.428021	50.000000
1416.000000	3.427727	50.000000
1417.000000	3.427432	50.000000
1418.000000	3.427137	50.000000
1419.000000	3.426842	50.000000
1420.000000	3.426546	50.000000
1421.000000	3.426250	50.000000
1422.000000	3.425953	50.000000
1423.000000	3.425656	50.000000
1424.000000	3.425359	50.000000
1425.000000	3.425061	50.000000
1426.000000	3.424763	50.000000
1427.000000	3.424466	50.000000
1428.000000	3.424168	50.000000
1429.000000	3.423870	50.000000
1430.000000	3.423572	50.000000
1431.000000	3.423272	50.000000
1432.000000	3.422972	50.000000
1433.000000	3.422669	50.000000
1434.000000	3.422367	50.000000
1435.000000	3.422064	50.000000
1436.000000	3.421761	50.000000
1437.000000	3.421458	50.000000
1438.000000	3.421155	50.000000
1439.000000	3.420852	50.000000
1440.000000	3.420549	50.000000
1441.000000	3.420246	50.000000
1442.000000	3.419942	50.000000
1443.000000	3.419638	50.000000
1444.000000	3.419331	50.000000
1445.000000	3.419070	50.000000
1446.000000	3.418763	50.000000
1447.000000	3.418456	50.000000
1448.000000	3.418148	50.000000
1449.000000	3.417841	50.000000
1450.000000	3.417533	50.000000
1451.000000	3.417225	50.000000
1452.000000	3.416915	50.000000
1453.000000	3.416740	50.000000
1454.000000	3.416430	50.000000
1455.000000	3.416120	50.000000
1456.000000	3.415810	50.000000
1457.000000	3.415500	50.000000
1458.000000	3.415186	50.000000
1459.000000	3.414870	50.000000
1460.000000	3.414554	50.000000
1461.000000	3.414235	50.000000
1462.000000	3.413916	50.000000
1463.000000	3.413596	50.000000
1464.000000	3.413277	50.000000
1465.000000	3.412957	50.000000
1466.000000	3.412846	50.000000
1467.000000	3.412529	50.000000
1468.000000	3.412213	50.000000
1469.000000	3.411895	50.000000
1470.000000	3.411578	50.000000
1471.000000	3.411260	50.000000
1472.000000	3.410942	50.000000
1473.000000	3.410624	50.000000
1474.000000	3.410305	50.000000
1475.000000	3.409986	50.000000
1476.000000	3.409666	50.000000
1477.000000	3.409347	50.000000
1478.000000	3.409026	50.000000
1479.000000	3.408706	50.000000
1480.000000	3.408384	50.000000
1481.000000	3.408063	50.000000
1482.000000	3.408000	50.000000
1483.000000	3.407683	50.000000
1484.000000	3.407365	50.000000
1485.000000	3.407047	50.000000
1486.000000	3.406728	50.000000
1487.000000	3.406408	50.000000
1488.000000	3.406088	50.000000
1489.000000	3.405768	50.000000
1490.000000	3.405447	50.000000
1491.000000	3.405126	50.000000
1492.000000	3.404803	50.000000
1493.000000	3.404481	50.000000
1494.000000	3.404158	50.000000
1495.000000	3.403834	50.000000
1496.000000	3.403510	50.000000
1497.000000	3.403185	50.000000
1498.000000	3.403145	50.000000
1499.000000	3.402825	50.000000
1500.000000	3.402503	50.000000
1501.000000	3.402181	50.000000
1502.000000	3.401858	50.000000
1503.000000	3.401534	50.000000
1504.000000	3.401210	50.000000
1505.000000	3.400885	50.000000
1506.000000	3.400559	50.000000
1507.000000	3.400232	50.000000
1508.000000	3.399905	50.000000
1509.000000	3.399577	50.000000
1510.000000	3.399529	50.000000
1511.000000	3.399205	50.000000
1512.000000	3.398880	50.000000
1513.000000	3.398554	50.000000
1514.000000	3.398227	50.000000
1515.000000	3.397898	50.000000
1516.000000	3.397569	50.000000
1517.000000	3.397239	50.000000
1518.000000	3.397160	50.000000
1519.000000	3.396833	50.000000
1520.000000	3.396505	50.000000
1521.000000	3.396175	50.000000
1522.000000	3.396043	50.000000
1523.000000	3.395716	50.000000
1524.000000	3.395559	50.000000
1525.000000	3.395232	50.000000
1526.000000	3.394904	50.000000
1527.000000	3.394573	50.000000
1528.000000	3.394242	50.000000
1529.000000	3.393909	50.000000
1530.000000	3.393576	50.000000
1531.000000	3.393240	50.000000
1532.000000	3.392904	50.000000
1533.000000	3.392567	50.000000
1534.000000	3.392228	50.000000
1535.000000	3.391888	50.000000
1536.000000	3.391547	50.000000
1537.000000	3.391204	50.000000
1538.000000	3.390860	50.000000
1539.000000	3.390515	50.000000
1540.000000	3.390168	50.000000
1541.000000	3.389820	50.000000
1542.000000	3.389471	50.000000
1543.000000	3.389120	50.000000
1544.000000	3.388769	50.000000
1545.000000	3.388415	50.000000
1546.000000	3.388060	50.000000
1547.000000	3.387703	50.000000
1548.000000	3.387346	50.000000
1549.000000	3.386986	50.000000
1550.000000	3.386625	50.000000
1551.000000	3.386263	50.000000
1552.000000	3.385899	50.000000
1553.000000	3.385533	50.000000
1554.000000	3.385165	50.000000
1555.000000	3.384796	50.000000
1556.000000	3.384425	50.000000
1557.000000	3.384053	50.000000
1558.000000	3.383679	50.000000
1559.000000	3.383304	50.000000
1560.000000	3.382927	50.000000
1561.000000	3.382548	50.000000
1562.000000	3.382167	50.000000
1563.000000	3.381785	50.000000
1564.000000	3.381401	50.000000
1565.000000	3.381016	50.000000
1566.000000	3.380628	50.000000
1567.000000	3.380239	50.000000
1568.000000	3.379848	50.000000
1569.000000	3.379456	50.000000
1570.000000	3.379062	50.000000
1571.000000	3.378666	50.000000
1572.000000	3.378268	50.000000
1573.000000	3.377870	50.000000
1574.000000	3.377470	50.000000
1575.000000	3.377068	50.000000
1576.000000	3.376664	50.000000
1577.000000	3.376258	50.000000
1578.000000	3.375851	50.000000
1579.000000	3.375441	50.000000
1580.000000	3.375029	50.000000
1581.000000	3.374615	50.000000
1582.000000	3.374201	50.000000
1583.000000	3.373785	50.000000
1584.000000	3.373367	50.000000
1585.000000	3.372947	50.000000
1586.000000	3.372525	50.000000
1587.000000	3.372100	50.000000
1588.000000	3.371673	50.000000
1589.000000	3.371244	50.000000
1590.000000	3.370812	50.000000
1591.000000	3.370378	50.000000
1592.000000	3.369943	50.000000
1593.000000	3.369507	50.000000
1594.000000	3.369069	50.000000
1595.000000	3.368628	50.000000
1596.000000	3.368185	50.000000
1597.000000	3.367739	50.000000
1598.000000	3.367291	50.000000
1599.000000	3.366840	50.000000
1600.000000	3.366386	50.000000
1601.000000	3.365930	50.000000
1602.000000	3.365470	50.000000
1603.000000	3.365011	50.000000
1604.000000	3.364549	50.000000
1605.000000	3.364085	50.000000
1606.000000	3.363618	50.000000
1607.000000	3.363148	50.000000
1608.000000	3.362674	50.000000
1609.000000	3.362198	50.000000
1610.000000	3.361719	50.000000
1611.000000	3.361237	50.000000
1612.000000	3.360755	50.000000
1613.000000	3.360269	50.000000
1614.000000	3.359780	50.000000
1615.000000	3.359288	50.000000
1616.000000	3.358792	50.000000
1617.000000	3.358296	50.000000
1618.000000	3.357796	50.000000
1619.000000	3.357294	50.000000
1620.000000	3.356791	50.000000
1621.000000	3.356285	50.000000
1622.000000	3.355775	50.000000
1623.000000	3.355262	50.000000
1624.000000	3.354744	50.000000
1625.000000	3.354223	50.000000
1626.000000	3.353698	50.000000
1627.000000	3.353169	50.000000
1628.000000	3.352636	50.000000
1629.000000	3.352099	50.000000
1630.000000	3.351558	50.000000
1631.000000	3.351012	50.000000
1632.000000	3.350461	50.000000
1633.000000	3.349904	50.000000
1634.000000	3.349343	50.000000
1635.000000	3.348777	50.000000
1636.000000	3.348207	50.000000
1637.000000	3.347631	50.000000
1638.000000	3.347043	50.000000
1639.000000	3.346451	50.000000
1640.000000	3.345854	50.000000
1641.000000	3.345253	50.000000
1642.000000	3.344646	50.000000
1643.000000	3.344034	50.000000
1644.000000	3.343417	50.000000
1645.000000	3.342796	50.000000
1646.000000	3.342168	50.000000
1647.000000	3.341524	50.000000
1648.000000	3.340873	50.000000
1649.000000	3.340217	50.000000
1650.000000	3.339556	50.000000
1651.000000	3.338889	50.000000
1652.000000	3.338217	50.000000
1653.000000	3.337538	50.000000
1654.000000	3.336854	50.000000
1655.000000	3.336163	50.000000
1656.000000	3.335466	50.000000
1657.000000	3.334762	50.000000
1658.000000	3.334037	50.000000
1659.000000	3.333306	50.000000
1660.000000	3.332568	50.000000
1661.000000	3.331823	50.000000
1662.000000	3.331072	50.000000
1663.000000	3.330313	50.000000
1664.000000	3.329548	50.000000
1665.000000	3.328775	50.000000
1666.000000	3.327995	50.000000
1667.000000	3.327207	50.000000
1668.000000	3.326400	50.000000
1669.000000	3.325580	50.000000
1670.000000	3.324752	50.000000
1671.000000	3.323916	50.000000
1672.000000	3.323071	50.000000
1673.000000	3.322218	50.000000
1674.000000	3.321357	50.000000
1675.000000	3.320487	50.000000
1676.000000	3.319599	50.000000
1677.000000	3.318693	50.000000
1678.000000	3.317778	50.000000
1679.000000	3.316854	50.000000
1680.000000	3.315921	50.000000
1681.000000	3.314971	50.000000
1682.000000	3.314001	50.000000
1683.000000	3.313022	50.000000
1684.000000	3.312015	50.000000
1685.000000	3.310990	50.000000
1686.000000	3.309954	50.000000
1687.000000	3.308907	50.000000
1688.000000	3.307848	50.000000
1689.000000	3.306778	50.000000
1690.000000	3.305696	50.000000
1691.000000	3.304602	50.000000
1692.000000	3.303495	50.000000
1693.000000	3.302375	50.000000
1694.000000	3.301243	50.000000
1695.000000	3.300097	50.000000
1696.000000	3.298937	50.000000
1697.000000	3.297764	50.000000
1698.000000	3.296576	50.000000
1699.000000	3.295374	50.000000
1700.000000	3.294157	50.000000
1701.000000	3.292924	50.000000
1702.000000	3.291676	50.000000
1703.000000	3.290412	50.000000
1704.000000	3.289130	50.000000
1705.000000	3.287832	50.000000
1706.000000	3.286517	50.000000
1707.000000	3.285182	50.000000
1708.000000	3.283828	50.000000
1709.000000	3.282455	50.000000
1710.000000	3.281064	50.000000
1711.000000	3.279653	50.000000
1712.000000	3.278223	50.000000
1713.000000	3.276772	50.000000
1714.000000	3.275297	50.000000
1715.000000	3.273799	50.000000
1716.000000	3.272279	50.000000
1717.000000	3.270737	50.000000
1718.000000	3.269172	50.000000
1719.000000	3.267584	50.000000
1720.000000	3.265971	50.000000
1721.000000	3.264335	50.000000
1722.000000	3.262670	50.000000
1723.000000	3.260975	50.000000
1724.000000	3.259253	50.000000
1725.000000	3.257503	50.000000
1726.000000	3.255726	50.000000
1727.000000	3.253920	50.000000
1728.000000	3.252085	50.000000
1729.000000	3.250219	50.000000
1730.000000	3.248319	50.000000
1731.000000	3.246381	50.000000
1732.000000	3.244411	50.000000
1733.000000	3.242406	50.000000
1734.000000	3.240367	50.000000
1735.000000	3.238292	50.000000
1736.000000	3.236180	50.000000
1737.000000	3.234022	50.000000
1738.000000	3.231824	50.000000
1739.000000	3.229586	50.000000
1740.000000	3.227307	50.000000
1741.000000	3.224977	50.000000
1742.000000	3.222603	50.000000
1743.000000	3.220175	50.000000
1744.000000	3.217697	50.000000
1745.000000	3.215171	50.000000
1746.000000	3.212595	50.000000
1747.000000	3.209969	50.000000
1748.000000	3.207290	50.000000
1749.000000	3.204556	50.000000
1750.000000	3.201765	50.000000
1751.000000	3.198919	50.000000
1752.000000	3.196011	50.000000
1753.000000	3.193042	50.000000
1754.000000	3.190008	50.000000
1755.000000	3.186907	50.000000
1756.000000	3.183739	50.000000
1757.000000	3.180501	50.000000
1758.000000	3.177190	50.000000
1759.000000	3.173802	50.000000
1760.000000	3.170334	50.000000
1761.000000	3.166785	50.000000
1762.000000	3.163150	50.000000
1763.000000	3.159427	50.000000
1764.000000	3.155617	50.000000
1765.000000	3.151712	50.000000
1766.000000	3.147708	50.000000
1767.000000	3.143601	50.000000
1768.000000	3.139388	50.000000
1769.000000	3.135064	50.000000
1770.000000	3.130626	50.000000
1771.000000	3.126072	50.000000
1772.000000	3.121394	50.000000
1773.000000	3.116587	50.000000
1774.000000	3.111645	50.000000
1775.000000	3.106562	50.000000
1776.000000	3.101335	50.000000
1777.000000	3.095958	50.000000
1778.000000	3.090422	50.000000
1779.000000	3.084718	50.000000
1780.000000	3.078845	50.000000
1781.000000	3.072791	50.000000
1782.000000	3.066549	50.000000
1783.000000	3.060111	50.000000
1784.000000	3.053466	50.000000
1785.000000	3.046605	50.000000
1786.000000	3.039517	50.000000
1787.000000	3.032191	50.000000
1788.000000	3.024612	50.000000
1789.000000	3.016773	50.000000
1790.000000	3.008661	50.000000
1791.000000	3.000263	50.000000
1792.000000	2.991564	50.000000
1793.000000	2.982551	50.000000
1794.000000	2.973205	50.000000
1795.000000	2.963504	50.000000
1796.000000	2.953437	50.000000
1797.000000	2.942985	50.000000
1798.000000	2.932128	50.000000
1799.000000	2.920845	50.000000
1800.000000	2.909114	50.000000
1801.000000	2.896905	50.000000
1802.000000	2.884193	50.000000
1803.000000	2.870955	50.000000
1804.000000	2.857164	50.000000
1805.000000	2.842788	50.000000
1806.000000	2.827796	50.000000
1807.000000	2.812146	50.000000
1808.000000	2.795809	50.000000
